0 0.217742 0.367303 0.036290 0.047035
0 0.573589 0.300029 0.039113 0.020239
0 0.283266 0.581813 0.066532 0.021095
0 0.740927 0.381984 0.029435 0.045610
0 0.741935 0.541619 0.029032 0.036488
0 0.640121 0.605331 0.074597 0.020810
0 0.443548 0.570268 0.102419 0.037913
1 0.232258 0.456528 0.069355 0.038483
1 0.347379 0.426881 0.048790 0.031072
1 0.394960 0.310006 0.043952 0.041334
1 0.388508 0.418757 0.055242 0.031927
1 0.496976 0.419042 0.053629 0.032497
1 0.579234 0.390108 0.054435 0.033352
1 0.533065 0.408922 0.050806 0.022520
1 0.617742 0.418330 0.052419 0.032212
1 0.579032 0.455958 0.059677 0.030502
1 0.624597 0.512400 0.044355 0.031072
1 0.524798 0.561574 0.052823 0.035348
1 0.720161 0.481328 0.075806 0.037913
2 0.287500 0.367303 0.178226 0.158780
2 0.439113 0.367018 0.166129 0.159350
2 0.534677 0.381556 0.057258 0.049316
2 0.558266 0.347777 0.101210 0.114025
2 0.676815 0.365593 0.174597 0.155359
2 0.644355 0.553307 0.231452 0.118016
2 0.366935 0.512828 0.362903 0.163056
2 0.614718 0.465507 0.303629 0.077537
